$ANSIBLE_VAULT;1.1;AES256
63313733376431396233636137323135313761633737663865316133333232636137383063373566
6365646431383966333538636434623430336233313031630a393431646364316131626132626238
62363632303739633333616665373338383666326663636365656266336462396639303135303932
3531353232353130380a613966613636396535643463393133623163396163636661333937386630
62336164363737353533376463323736383766346339353037643732343761643564636162323266
63393166393636653636303331623163663830646232373338373930616163336165303333313638
61316162313761306131313062656464623433303362613661373131346234393163626336643161
30333933343137386364303739383637643933303638326134316230383339326362326536376438
38323033646539376133666234306461336531306537646434666262386662626435643836613534
61663937633866376532363936666530393039343239613538346634616435663534326433643433
65336661373833326239376161383034333436666563666137663039353664383831323235383037
36323236613165666232306333386661383439303235303964666165313861343064636462656262
66316334623432633265373463626365393933323335356136363931363861643239333031323132
62393365393066623665366264363435643930623038656165316533366334633730373130393165
32376139343764373266353164393934636639666332336266613535633066336162656430356630
64303830323563303862383963653032633436663432373066316437656338393761623332613531
37663937663061303831646661623065393763633862633663353439376231346538663665326462
66653664653237353135643731363732313335636264316231363735663438316638663865313635
62613739326466663738373530643135653561646237303232336361623334313366316536373034
36363432313631383238333932633230306339323134373062663736326461383361613765323164
30396432346462636639336534306337663730653732373863376130663534396664393537363739
31336364656333343137313065346461626265316165623232323039306439333334616164353164
36616132623966376161363431633938303130316662336531633364636236653365323063373432
32626636393933623464313936313934366431653432636238636565373032663337643932626564
32633938636330343133643730623764643332666564616534623539633361313338626239323263
35663866633435393563376536363762663634613062303433616537383661313239646633616632
33313436613262336134323563303034373563313162353033616138383562613964643836333732
66373539633735383538383762356265636432633130386463316132303065386434663666363661
33303766313736653037303464653837393665326365623764376436356532393232353131613937
39623238323632633037393734343461643833326336313530643338613665646465613332613431
36363738616566623830376339663635366163643365333661393036636639393164383630353337
32613933396637613864663861616466303432373934356331323134323635336561666233623230
63383662336435656133306263656633633032356561396161363061376365383561346665393065
38373965316237383061373832363135646336626465663330326630346133303239343633643634
32633033616234356238666436356439313836653930316338366164656335633337393065383130
65613633626639663462383036666236316237383533653137656666323235323164636234656165
37313034373065323963656630626633376237373633336331376333663334646135663432316363
33346563346431616561383338336561353964626434353461343437383330323834666631646266
66313339643133303366303432353964626335653165353566376437666133303131643966666535
66323034353535303461306534363830363335386531646562303130623962343962363062626366
37303533373066376637346637376432303730333566323936383137353134373235396463346333
33323735343539353163306266656335326462393738373531623030323065393666636361633339
65336465366666663536643861383864623734316237633861633933626437383261336134306265
34643566303436636462376138656430653532396633316239343736663661303837346365636564
38636236346663616664323837316262613563656536396465616639383861613637386232386165
32363465666665623531336463663536366237386566633866666235626639646132656230366631
38366365323034323935666461616361636264616135316462336239393234306639613862363863
34626361633762363830333764616632636539366362623365363839666364633935353166343064
33616339303337363662336561353037613633333862663664343064316365663936346539306262
38316434363539326365316531343838643265336231346233336236363533356166386466353330
62303931363763356666313264656261336562633662383636346630383938333564313166396138
31316437383437336163316436633033363264663035383835316634346464323334653936363837
31343135616434353230623839363230633135653163613931643136623139653161303935386361
36363734303236383961336535313836643737643630323464383465653132653231316336343335
35653836393162653563363764636465326365373232643835356265343231353766653761626135
64323764346661313533653835386636613865366137393835346361613161393761313830303232
33346132336433396237626232653430333462316535333764373836613231633135303266313131
30323538623663303436303531333761616534353036363637343432643262386136383330626362
65626535393830343437323536303033656138366231346163356433666266346263386132663531
32393362623266656364626531383438366637363239343865666433613162306161376565376466
65336434356430303461663538356236333266333465396533663066356336376339373836323733
38663033323534353963393133613138376365363061343736663238386463346362313834646538
35313762303131353335613531633366666636653532626264363132346566306331393961316535
33656533646163373266316331653531323336646635363263636333353365333933643766623266
64393933313363386432616234396232326338356461316564303435373235656466343735336132
32643435346164363734373462653536303865656532613363633264643937343131363762663663
35316436363435383562313335386630363765613763343631623961646462336533353937646661
31306462393266666165353337616534323233343162653034303636643064363031326462353236
38353738363061636439343964653266663232396266666231363938303834653565643061373065
32316638636632643533646432643938363762633866626438393233666662643332663337653265
34316262353634393638383431376239303839626537386437373638346239663630393032643730
65356366373662616332353535636561653332326138333564353337386366666561343136383264
64303165666665376134663862663434366234643662626566643230613966653133333333306237
39616433303564646134653464323962336230373235626466653161343065643364643738346462
31613561663732616363313237333063626130356430623336613737386464613938383165666136
65303339303466623835393464343638356463393766333137656363633364666166393662356436
36333432663762383334623530653239393662353661366238626431343835363732326339653334
65633366393661346263323830383539326634653065343938616335666238346263613331653431
35376531663736653830316336363334386330363535666262633330373437663563326130346563
61383131656562336666386632383832336462626463636362363965313961356261306537346630
37376534613965363531663539653366323638373431323438366566663634646539656534346333
36323933643236343764313464663233633633633366343136316461393833303338363761313561
66316264666665316664373063653362353162393336326266303463633564353632633664626133
63333265323161333530353736383931633030653835353662363333353437383061393933633831
66643537323962636436653836343838343661383832386634653935656434333131626439336633
61656662363930643861383738633662376561373536383130363661306530613463616662336439
38373832616632313264623864623965303231386532656238623134346261303335643433383733
36386533396463393430
