$ANSIBLE_VAULT;1.1;AES256
32393261303762336630623632353331333462663237303262373631613562343630313635363931
6262643737613132643730306332356631623866303932610a393430313735323333346666633633
66356666383534356364623164363839386230353866313030313834353863363636396465623532
6436616638363030340a356661663733303265353435353164643563306337646232373166333566
36623364653935313936613966326665383937396666393039636236333364336536326631363764
38313538653238643434333165333632393436646430343630373530316664336661613963363034
35306236346136653233363137346430366634363365383338613531333735396261656664646530
63383939376562353763626433303163353933663961623363333161643532313730353662666433
66313730313937643965623363306536633639393362663931613834633636656330393131303963
61616437663863633132613239323332333965613164643638313138643361626535376232366631
65633538353033656539306330353837383133336530323130343933356662666636663732613139
31646537326638373661636239663637663336303730306337373338366139366366366164626231
66373265323335343730663430376233333738613261386136303562393231373135393434343932
32353439313261633563653465376131323163386633376466626434376561643266316334653238
35373436396565393932356534646332313537326361626361613563636137353630326462313162
66663833636261313935
