$ANSIBLE_VAULT;1.1;AES256
62383038393933366634633932353232316233653636663633646635323039366133333966626635
3531306534326239623238656432663164323434366638330a313231356437656432643735303735
33376265666166393538646330613437396563336630656537343765316634616466306330323339
3863343865653566370a376135333037333731353266613565646266306134633166623937343239
66383138383965353637346365346464626235393538313235366661323238376639306165316433
61316563393937333662373039633439303434373031306430323937653037616239376165383065
32366663613833376566613534306433326333383365346661323232633361363565333962373636
34343265353531393164346132303136383536383265306265663035313063366561393839353137
34343431356138313862646666306636313538393538363265353066663862323261383831363735
38366464663761633865643466346437313764343435383631653736623839363639346335343637
39663534376237373030316266303664643937363232333038346330643434383663346532653637
30343839623433636532343332346562396165383335643834386637383839343365633331616434
30363530333766316639653735646335373463643037303261346235636463623665666430626335
65373438636436623330363566663463653965653566646164653030616439303133336661336431
63326137663262306332623939363433666230616435643966363136656563366331363532623034
38653432326437356266323363353931626133333537353261633239363562366363386538376239
39336436636134613861316461383238616132623732343639633637613938306364646230326334
30373839643861656465383139613039393538643334383563306437633833326664376138646234
61326339633639396331623730393037656563613434633637613539613562613164616437393565
35333461633639376631383839373735333566643430396333343736653564316531653137316531
35623566303431323763363032326462313631346537323531623961656465653233353435353133
64663565316630386232323634346534636564623239663963303166356262656666306137323663
66323132636465653465316531333066393038626332323138613961353838386534346136313531
65333634303036333731313164396635393263363835373362363438306439663531613530393461
3134
